0 18 0 -11 0 0 -3 0 0 0 0 0 0 0 0 -3 0 0 0 0
14 -11 0 16 0 -7 0 0 0 -3 0 20 12 -1 0 14 0 -5 0 0
0 0 0 0 0 0 0 0 -9 -7 12 18 0 16 0 0 0 0 14 0
-3 -1 0 0 -7 0 0 0 -5 0 0 0 0 0 0 -1 -11 -7 -11 0
0 18 0 0 0 0 16 20 0 0 0 0 0 0 0 0 0 10 0 0
0 0 0 -1 0 0 10 0 16 0 0 0 -3 0 0 12 14 0 0 0
0 0 0 -5 20 0 -11 12 0 0 -11 0 0 0 0 0 0 12 0 0
0 16 0 0 16 0 -9 -9 0 -9 0 0 0 -11 0 -1 18 0 0 0
0 0 0 -11 10 0 0 -3 -9 -5 0 0 -3 0 -9 0 0 0 0 0
0 0 0 0 0 20 0 0 0 0 0 -7 -3 -5 0 0 0 0 0 18
0 -5 -5 0 0 0 0 0 0 14 -11 0 0 -11 0 0 16 0 0 14
0 0 0 0 -3 0 0 0 0 0 0 10 0 0 0 0 0 0 0 0
0 0 0 0 0 0 0 -7 0 -7 0 0 0 0 0 0 0 0 16 0
18 0 -9 0 0 0 -11 -1 -11 0 0 0 0 0 0 0 0 -3 -9 0
14 0 -1 0 0 0 0 0 0 20 0 12 -3 0 0 0 0 -1 0 0
0 0 0 0 0 0 0 14 14 18 0 14 0 0 20 0 0 0 0 0
0 12 -1 -11 -3 16 0 0 -7 0 0 0 0 16 0 0 0 18 -3 0
0 0 0 14 0 0 0 -1 18 20 -3 0 -5 0 18 0 10 0 0 20
-11 0 0 10 0 14 14 20 0 0 -9 0 0 0 0 0 0 -5 -1 0
0 0 16 0 0 0 0 0 0 0 0 0 0 0 0 0 0 0 -7 0